start=208.950000
fullscreen=yes
panscan=1.000000
