start=214.983333
panscan=0.700000
sub-visibility=no
